0.0000000 0.0000000 0 0
0.0000000 0.0000000 -6.69818889914794 0.00000010352
0.0000000 0.0000000 0.17861837078439 0
0.0000000 0.0000000 -0.00210868910128532 0
0.0000000 0.0000000 9.30304016079174e-06 0
0.0000000 0.0000000
0.0000000 0.0000000
0.0000000 0.0000000
0.0000000 0.0000000
0.0000000 0.0000000
0.0000000 0.0000000
0.0000000 0.0000000
0.0000000 0.0000000
0.0005309 0.0005309
0.0020582 0.0015273
0.0044899 0.0024317
0.0077415 0.0032516
0.0117352 0.0039936
0.0163994 0.0046642
0.0216684 0.0052691
0.0274819 0.0058135
0.0337844 0.0063025
0.0405250 0.0067405
0.0476568 0.0071318
0.0551368 0.0074801
0.0629258 0.0077890
0.0709875 0.0080617
0.0792887 0.0083012
0.0877991 0.0085104
0.0964907 0.0086916
0.1053381 0.0088474
0.1143178 0.0089797
0.1234085 0.0090907
0.1325906 0.0091821
0.1418462 0.0092556
0.1511589 0.0093128
0.1605139 0.0093550
0.1698976 0.0093836
0.1792974 0.0093999
0.1887022 0.0094048
0.1981017 0.0093995
0.2074865 0.0093848
0.2168481 0.0093616
0.2261789 0.0093308
0.2354718 0.0092930
0.2447207 0.0092489
0.2539199 0.0091991
0.2630642 0.0091443
0.2721490 0.0090849
0.2811704 0.0090213
0.2901245 0.0089541
0.2990082 0.0088837
0.3078185 0.0088103
0.3165529 0.0087344
0.3252092 0.0086563
0.3337854 0.0085762
0.3422798 0.0084944
0.3506909 0.0084111
0.3590175 0.0083266
0.3672586 0.0082411
0.3754133 0.0081547
0.3834809 0.0080676
0.3914610 0.0079800
0.3993530 0.0078920
0.4071568 0.0078038
0.4148722 0.0077154
0.4224991 0.0076269
0.4300376 0.0075385
0.4374879 0.0074503
0.4448502 0.0073622
0.4521247 0.0072745
0.4593118 0.0071871
0.4664119 0.0071001
0.4734256 0.0070136
0.4803532 0.0069277
0.4871955 0.0068422
0.4939529 0.0067574
0.5006261 0.0066732
0.5072159 0.0065897
0.5137227 0.0065069
0.5201475 0.0064248
0.5264909 0.0063434
0.5327536 0.0062627
0.5389365 0.0061829
0.5450403 0.0061038
0.5510658 0.0060255
0.5570139 0.0059480
0.5628852 0.0058714
0.5686808 0.0057955
0.5744013 0.0057205
0.5800476 0.0056463
0.5856206 0.0055730
0.5911210 0.0055004
0.5965497 0.0054287
0.6019076 0.0053579
0.6071954 0.0052878
0.6124140 0.0052186
0.6175643 0.0051502
0.6226469 0.0050827
0.6276628 0.0050159
0.6326128 0.0049500
0.6374977 0.0048849
0.6423182 0.0048205
0.6470752 0.0047570
0.6517695 0.0046943
0.6564018 0.0046323
0.6609730 0.0045712
0.6654838 0.0045108
0.6699349 0.0044511
0.6743272 0.0043923
0.6786613 0.0043341
0.6829381 0.0042768
0.6871582 0.0042201
0.6913224 0.0041642
0.6954314 0.0041090
0.6994859 0.0040545
0.7034867 0.0040008
0.7074344 0.0039477
0.7113297 0.0038953
0.7151733 0.0038436
0.7189658 0.0037926
0.7227080 0.0037422
0.7264005 0.0036925
0.7300439 0.0036434
0.7336389 0.0035950
0.7371862 0.0035472
0.7406862 0.0035001
0.7441398 0.0034535
0.7475474 0.0034076
0.7509097 0.0033623
0.7542273 0.0033176
0.7575008 0.0032735
0.7607307 0.0032299
0.7639177 0.0031870
0.7670622 0.0031446
0.7701649 0.0031027
0.7732263 0.0030614
0.7762470 0.0030207
0.7792275 0.0029805
0.7821683 0.0029408
0.7850700 0.0029017
0.7879330 0.0028630
0.7907579 0.0028249
0.7935452 0.0027873
0.7962954 0.0027502
0.7990090 0.0027136
0.8016865 0.0026775
0.8043283 0.0026418
0.8069349 0.0026066
0.8095068 0.0025719
0.8120445 0.0025377
0.8145483 0.0025039
0.8170189 0.0024705
0.8194565 0.0024376
0.8218616 0.0024052
0.8242348 0.0023731
0.8265763 0.0023415
0.8288866 0.0023103
0.8311662 0.0022796
0.8334154 0.0022492
0.8356346 0.0022192
0.8378243 0.0021897
0.8399848 0.0021605
0.8421166 0.0021317
0.8442199 0.0021033
0.8462952 0.0020753
0.8483429 0.0020477
0.8503633 0.0020204
0.8523568 0.0019935
0.8543237 0.0019669
0.8562645 0.0019407
0.8581794 0.0019149
0.8600687 0.0018894
0.8619329 0.0018642
0.8637723 0.0018394
0.8655872 0.0018149
0.8673779 0.0017907
0.8691447 0.0017668
0.8708880 0.0017433
0.8726081 0.0017201
0.8743052 0.0016972
0.8759798 0.0016746
0.8776320 0.0016522
0.8792623 0.0016302
0.8808708 0.0016085
0.8824579 0.0015871
0.8840238 0.0015659
0.8855689 0.0015451
0.8870934 0.0015245
0.8885976 0.0015042
0.8900817 0.0014841
0.8915461 0.0014644
0.8929910 0.0014449
0.8944166 0.0014256
0.8958232 0.0014066
0.8972111 0.0013879
0.8985805 0.0013694
0.8999317 0.0013512
0.9012648 0.0013332
0.9025802 0.0013154
0.9038781 0.0012979
0.9051587 0.0012806
0.9064222 0.0012635
0.9076689 0.0012467
0.9088989 0.0012301
0.9101126 0.0012137
0.9113102 0.0011975
0.9124917 0.0011816
0.9136575 0.0011658
0.9148078 0.0011503
0.9159428 0.0011350
0.9170627 0.0011198
0.9181676 0.0011049
0.9192578 0.0010902
0.9203335 0.0010757
0.9213948 0.0010614
0.9224420 0.0010472
0.9234753 0.0010333
0.9244948 0.0010195
0.9255007 0.0010059
0.9264932 0.0009925
0.9274725 0.0009793
0.9284388 0.0009662
0.9293921 0.0009534
0.9303328 0.0009407
0.9312610 0.0009281
0.9321767 0.0009158
0.9330803 0.0009036
0.9339718 0.0008915
0.9348515 0.0008797
0.9357194 0.0008679
0.9365758 0.0008564
0.9374208 0.0008450
0.9382545 0.0008337
0.9390771 0.0008226
0.9398887 0.0008116
0.9406896 0.0008008
0.9414797 0.0007902
0.9422594 0.0007796
0.9430286 0.0007692
0.9437876 0.0007590
0.9445365 0.0007489
0.9452754 0.0007389
0.9460045 0.0007291
0.9467238 0.0007194
0.9474336 0.0007098
0.9481339 0.0007003
0.9488249 0.0006910
0.9495067 0.0006818
0.9501794 0.0006727
0.9508431 0.0006637
0.9514980 0.0006549
0.9521442 0.0006462
0.9527817 0.0006376
0.9534108 0.0006291
0.9540315 0.0006207
0.9546439 0.0006124
0.9552481 0.0006043
0.9558444 0.0005962
0.9564326 0.0005883
0.9570130 0.0005804
0.9575857 0.0005727
0.9581508 0.0005651
0.9587083 0.0005575
0.9592584 0.0005501
0.9598012 0.0005428
0.9603368 0.0005355
0.9608652 0.0005284
0.9613866 0.0005214
0.9619010 0.0005144
0.9624086 0.0005076
0.9629094 0.0005008
0.9634035 0.0004941
0.9638911 0.0004876
0.9643721 0.0004811
0.9648468 0.0004747
0.9653151 0.0004683
0.9657772 0.0004621
0.9662331 0.0004559
0.9666830 0.0004499
0.9671268 0.0004439
0.9675648 0.0004380
0.9679969 0.0004321
0.9684233 0.0004264
0.9688440 0.0004207
0.9692590 0.0004151
0.9696686 0.0004095
0.9700727 0.0004041
0.9704714 0.0003987
0.9708648 0.0003934
0.9712529 0.0003882
0.9716359 0.0003830
0.9720138 0.0003779
0.9723866 0.0003728
0.9727545 0.0003679
0.9731175 0.0003630
0.9734756 0.0003581
0.9738290 0.0003534
0.9741777 0.0003487
0.9745217 0.0003440
0.9748611 0.0003394
0.9751960 0.0003349
0.9755265 0.0003305
0.9758525 0.0003260
0.9761742 0.0003217
0.9764916 0.0003174
0.9768048 0.0003132
0.9771138 0.0003090
0.9774187 0.0003049
0.9777196 0.0003008
0.9780164 0.0002968
0.9783093 0.0002929
0.9785983 0.0002890
0.9788834 0.0002851
0.9791647 0.0002813
0.9794423 0.0002776
0.9797162 0.0002739
0.9799864 0.0002702
0.9802530 0.0002666
0.9805161 0.0002631
0.9807757 0.0002596
0.9810318 0.0002561
0.9812845 0.0002527
0.9815338 0.0002493
0.9817799 0.0002460
0.9820226 0.0002427
0.9822621 0.0002395
0.9824984 0.0002363
0.9827316 0.0002332
0.9829616 0.0002301
0.9831886 0.0002270
0.9834126 0.0002240
0.9836336 0.0002210
0.9838516 0.0002180
0.9840668 0.0002151
0.9842790 0.0002123
0.9844885 0.0002094
0.9846951 0.0002067
0.9848990 0.0002039
0.9851002 0.0002012
0.9852987 0.0001985
0.9854946 0.0001959
0.9856878 0.0001932
0.9858785 0.0001907
0.9860666 0.0001881
0.9862522 0.0001856
0.9864354 0.0001832
0.9866161 0.0001807
0.9867944 0.0001783
0.9869704 0.0001759
0.9871439 0.0001736
0.9873152 0.0001713
0.9874842 0.0001690
0.9876509 0.0001667
0.9878155 0.0001645
0.9879778 0.0001623
0.9881380 0.0001602
0.9882960 0.0001580
0.9884519 0.0001559
0.9886058 0.0001538
0.9887576 0.0001518
0.9889073 0.0001498
0.9890551 0.0001478
0.9892009 0.0001458
0.9893448 0.0001439
0.9894868 0.0001420
0.9896268 0.0001401
0.9897650 0.0001382
0.9899014 0.0001364
0.9900359 0.0001345
0.9901687 0.0001327
0.9902996 0.0001310
0.9904289 0.0001292
0.9905564 0.0001275
0.9906822 0.0001258
0.9908063 0.0001241
0.9909288 0.0001225
0.9910497 0.0001209
0.9911689 0.0001192
0.9912866 0.0001177
0.9914026 0.0001161
0.9915172 0.0001145
0.9916302 0.0001130
0.9917417 0.0001115
0.9918517 0.0001100
0.9919603 0.0001086
0.9920674 0.0001071
0.9921731 0.0001057
0.9922773 0.0001043
0.9923802 0.0001029
0.9924817 0.0001015
0.9925819 0.0001002
0.9926807 0.0000988
0.9927782 0.0000975
0.9928745 0.0000962
0.9929694 0.0000949
0.9930630 0.0000937
0.9931555 0.0000924
0.9932467 0.0000912
0.9933366 0.0000900
0.9934254 0.0000888
